# WWW History 2.4
# DAILY COUNTERS for summary period 1-30 Nov 2004
DAY 01/11/2004:	      3       1       0       1       2 6235
DAY 02/11/2004:	     71      66       0       7       4 200857
DAY 03/11/2004:	     32      29       0       0       2 94978
DAY 04/11/2004:	     75      68       0       5       2 382901
DAY 05/11/2004:	     30      28       0       0       0 80899
DAY 06/11/2004:	     57      53       0       0       3 139827
DAY 07/11/2004:	     40      39       0       0       1 93801
DAY 08/11/2004:	     92      85       0       9       3 288668
DAY 09/11/2004:	     69      62       0       2       2 196235
DAY 10/11/2004:	     52      50       0       0       1 127213
DAY 11/11/2004:	     27      25       0       0       1 69617
DAY 12/11/2004:	     41      36       0       5       2 120393
DAY 13/11/2004:	     26      25       0       0       1 63623
DAY 14/11/2004:	      5       2       0       2       2 12610
DAY 15/11/2004:	      3       1       0       1       1 12229
DAY 16/11/2004:	     65      59       0       5       7 161210
DAY 17/11/2004:	     13       9       0       5       3 35426
DAY 18/11/2004:	     70      67       0       0       1 189888
DAY 19/11/2004:	     31      28       0       1       4 95807
DAY 20/11/2004:	     60      59       0       0       1 288049
DAY 21/11/2004:	     62      61       0       0       1 306848
DAY 22/11/2004:	      3       1       0       1       1 12229
DAY 23/11/2004:	      4       2       0       2       3 13399
DAY 24/11/2004:	     13      10       0      10       4 62515
DAY 25/11/2004:	     44      34       0      18       2 597122
DAY 26/11/2004:	      5       4       0       0       1 61362
DAY 27/11/2004:	     24      21       0      12       3 580464
DAY 28/11/2004:	     29      23       0      21       0 172470
DAY 29/11/2004:	     30      27       0       1       3 70709
CUR 30/11/2004:	      0       0       0       0       0 0
checksum	   1076     975       0     108      61 4537584

# MONTHLY COUNTERS for the last 12 months
LASTMON: 11/2004
MON 01/2004:	      0       0       0       0       0 0
MON 02/2004:	      0       0       0       0       0 0
MON 03/2004:	      0       0       0       0       0 0
MON 04/2004:	      0       0       0       0       0 0
MON 05/2004:	      0       0       0       0       0 0
MON 06/2004:	      0       0       0       0       0 0
MON 07/2004:	      0       0       0       0       0 0
MON 08/2004:	      0       0       0       0       0 0
MON 09/2004:	    894     690      92     164      58 2838636
MON 10/2004:	   1595    1414       0      91      82 5794843
MON 11/2003:	      0       0       0       0       0 0
MON 12/2003:	      0       0       0       0       0 0
checksum	   2489    2104      92     255     140 8633479

