# WWW History 2.4
# DAILY COUNTERS for summary period 1-31 Dec 2004
DAY 01/12/2004:	      9       5       0       1       4 44915
DAY 02/12/2004:	     37      36       0       0       0 271290
DAY 03/12/2004:	     29      27       0       0       1 71915
DAY 04/12/2004:	      0       0       0       0       0 0
DAY 05/12/2004:	      0       0       0       0       0 0
DAY 06/12/2004:	    181     172       1      38       6 2003975
DAY 07/12/2004:	     31      28       0       2       4 70723
DAY 08/12/2004:	     58      56       0       2       4 161249
DAY 09/12/2004:	     15      11       0       0       2 70705
DAY 10/12/2004:	     30      29       0       2       3 76400
DAY 11/12/2004:	      0       0       0       0       0 0
DAY 12/12/2004:	     70      63       0       7       7 771097
DAY 13/12/2004:	      4       1       0       1       2 1323
DAY 14/12/2004:	     29      27       0       1       2 75054
DAY 15/12/2004:	     36      31       0       3       4 556175
DAY 16/12/2004:	     66      62       0       9       5 1678441
DAY 17/12/2004:	     13       9       3       7       3 317548
DAY 18/12/2004:	     28      27       0       0       1 92593
DAY 19/12/2004:	      5       5       0       3       1 311950
DAY 20/12/2004:	     34      29       0       1       4 96901
DAY 21/12/2004:	      3       1       0       1       1 1064
DAY 22/12/2004:	     14      11       0       7       8 625150
DAY 23/12/2004:	     20      12       0       6       9 929270
DAY 24/12/2004:	      6       4       0       2       5 309574
DAY 25/12/2004:	     39      35       0       0       2 100930
DAY 26/12/2004:	     14      11       0       0       3 42008
DAY 27/12/2004:	     45      42       0       3       5 108580
DAY 28/12/2004:	     20      16       0       9       9 661865
DAY 29/12/2004:	     27      26       0       0       1 74672
DAY 30/12/2004:	     25      23       1       3       2 432410
CUR 31/12/2004:	     33      32       0       0       0 135312
checksum	    921     831       5     108      98 10093089

# MONTHLY COUNTERS for the last 12 months
LASTMON: 12/2004
MON 01/2004:	      0       0       0       0       0 0
MON 02/2004:	      0       0       0       0       0 0
MON 03/2004:	      0       0       0       0       0 0
MON 04/2004:	      0       0       0       0       0 0
MON 05/2004:	      0       0       0       0       0 0
MON 06/2004:	      0       0       0       0       0 0
MON 07/2004:	      0       0       0       0       0 0
MON 08/2004:	      0       0       0       0       0 0
MON 09/2004:	    894     690      92     164      58 2838636
MON 10/2004:	   1595    1414       0      91      82 5794843
MON 11/2004:	   1111    1006       0     110      66 4790157
MON 12/2003:	      0       0       0       0       0 0
checksum	   3600    3110      92     365     206 13423636

