# WWW History 2.4
# DAILY COUNTERS for summary period 1-30 Sep 2004
DAY 01/09/2004:	      0       0       0       0       0 0
DAY 02/09/2004:	      2       1       0       1       1 317
DAY 03/09/2004:	      0       0       0       0       0 0
DAY 04/09/2004:	      3       0       0       0       3 205
DAY 05/09/2004:	      0       0       0       0       0 0
DAY 06/09/2004:	     10       5       0       5       7 2035
DAY 07/09/2004:	      0       0       0       0       0 0
DAY 08/09/2004:	      4       2       0       2       3 699
DAY 09/09/2004:	      2       1       0       1       1 470
DAY 10/09/2004:	      1       0       0       0       1 215
DAY 11/09/2004:	    363     236      92      58       2 1124604
DAY 12/09/2004:	      9       8       0       1       1 79493
DAY 13/09/2004:	      2       1       0       1       1 6235
DAY 14/09/2004:	     44      42       0       1       2 110635
DAY 15/09/2004:	      1       1       0       1       1 6019
DAY 16/09/2004:	     72      66       0       3       1 286914
DAY 17/09/2004:	     21      17       0      13       2 90058
DAY 18/09/2004:	      0       0       0       0       0 0
DAY 19/09/2004:	      1       0       0       0       1 220
DAY 20/09/2004:	     58      51       0       7       3 146052
DAY 21/09/2004:	      9       7       0       7       2 44564
DAY 22/09/2004:	      2       1       0       1       1 6198
DAY 23/09/2004:	     28      26       0       0       1 66547
DAY 24/09/2004:	      9       7       0       7       8 44285
DAY 25/09/2004:	     20      18       0      14       2 91078
DAY 26/09/2004:	      1       0       0       0       0 5994
DAY 27/09/2004:	     26      18       0      14       2 93271
DAY 28/09/2004:	     28      20       0      12       4 93173
DAY 29/09/2004:	    109     100       0       9       4 374404
CUR 30/09/2004:	      0       0       0       0       0 0
checksum	    825     628      92     158      54 2673685

# MONTHLY COUNTERS for the last 12 months
LASTMON: 09/2004
MON 01/2004:	      0       0       0       0       0 0
MON 02/2004:	      0       0       0       0       0 0
MON 03/2004:	      0       0       0       0       0 0
MON 04/2004:	      0       0       0       0       0 0
MON 05/2004:	      0       0       0       0       0 0
MON 06/2004:	      0       0       0       0       0 0
MON 07/2004:	      0       0       0       0       0 0
MON 08/2004:	      0       0       0       0       0 0
MON 09/2003:	      0       0       0       0       0 0
MON 10/2003:	      0       0       0       0       0 0
MON 11/2003:	      0       0       0       0       0 0
MON 12/2003:	      0       0       0       0       0 0
checksum	      0       0       0       0       0 0

