# WWW History 2.4
# DAILY COUNTERS for summary period 1-31 Oct 2004
DAY 01/10/2004:	     23      17       0       0       1 131299
DAY 02/10/2004:	     44      41       0       0       1 128881
DAY 03/10/2004:	      0       0       0       0       0 0
DAY 04/10/2004:	     53      45       0       2       3 171265
DAY 05/10/2004:	     68      58       0       1       5 251971
DAY 06/10/2004:	     49      46       0       0       2 154805
DAY 07/10/2004:	     75      68       0       0       1 348858
DAY 08/10/2004:	     55      40       0       0       1 320835
DAY 09/10/2004:	     59      55       0       1       2 174253
DAY 10/10/2004:	     48      46       0       0       1 164686
DAY 11/10/2004:	     74      67       0       6       4 233798
DAY 12/10/2004:	     42      37       0       1       2 211826
DAY 13/10/2004:	     63      59       0       0       2 193511
DAY 14/10/2004:	     85      75       0       9       3 359602
DAY 15/10/2004:	     36      33       0       0       2 151087
DAY 16/10/2004:	     49      42       0       6       5 166534
DAY 17/10/2004:	     31      29       0       0       0 96341
DAY 18/10/2004:	     20      14       0       7       3 77904
DAY 19/10/2004:	     62      57       0       2       4 175441
DAY 20/10/2004:	     55      46       0       7       3 202517
DAY 21/10/2004:	     47      42       0       7       5 199809
DAY 22/10/2004:	     64      59       0       8       2 279509
DAY 23/10/2004:	     36      33       0       7       3 111213
DAY 24/10/2004:	     36      33       0       4       6 122619
DAY 25/10/2004:	     93      71       0       2       4 219482
DAY 26/10/2004:	     91      85       0       1       3 273283
DAY 27/10/2004:	     64      59       0       0       4 348375
DAY 28/10/2004:	     61      54       0      10       3 173862
DAY 29/10/2004:	     66      61       0      10       4 233199
DAY 30/10/2004:	      2       0       0       0       1 614
CUR 31/10/2004:	      0       0       0       0       0 0
checksum	   1551    1372       0      91      80 5677379

# MONTHLY COUNTERS for the last 12 months
LASTMON: 10/2004
MON 01/2004:	      0       0       0       0       0 0
MON 02/2004:	      0       0       0       0       0 0
MON 03/2004:	      0       0       0       0       0 0
MON 04/2004:	      0       0       0       0       0 0
MON 05/2004:	      0       0       0       0       0 0
MON 06/2004:	      0       0       0       0       0 0
MON 07/2004:	      0       0       0       0       0 0
MON 08/2004:	      0       0       0       0       0 0
MON 09/2004:	    894     690      92     164      58 2838636
MON 10/2003:	      0       0       0       0       0 0
MON 11/2003:	      0       0       0       0       0 0
MON 12/2003:	      0       0       0       0       0 0
checksum	    894     690      92     164      58 2838636

